1030303 Q0 8726436 1 0.0 0
1030303 Q0 8726433 2 0.0 0
1030303 Q0 8726435 3 0.0 0
1030303 Q0 8726429 4 0.0 0
1030303 Q0 8726430 5 0.0 0
1030303 Q0 8726437 6 0.0 0
1030303 Q0 8726434 7 0.0 0
1030303 Q0 7156982 8 0.0 0
1030303 Q0 1305521 9 0.0 0
1030303 Q0 1305520 10 0.0 0
1037496 Q0 7766587 1 0.0 0
1037496 Q0 4760912 2 0.0 0
1037496 Q0 5927420 3 0.0 0
1037496 Q0 4174377 4 0.0 0
1037496 Q0 7766585 5 0.0 0
1037496 Q0 4174376 6 0.0 0
1037496 Q0 3725932 7 0.0 0
1037496 Q0 3725936 8 0.0 0
1037496 Q0 4174378 9 0.0 0
1037496 Q0 2725825 10 0.0 0
1043135 Q0 650642 1 0.0 0
1043135 Q0 8696961 2 0.0 0
1043135 Q0 8696958 3 0.0 0
1043135 Q0 8696955 4 0.0 0
1043135 Q0 4994428 5 0.0 0
1043135 Q0 8696952 6 0.0 0
1043135 Q0 650644 7 0.0 0
1043135 Q0 8694703 8 0.0 0
1043135 Q0 3581772 9 0.0 0
1043135 Q0 1845643 10 0.0 0
1045109 Q0 8838898 1 0.0 0
1045109 Q0 8838890 2 0.0 0
1045109 Q0 8838896 3 0.0 0
1045109 Q0 8838893 4 0.0 0
1045109 Q0 8838895 5 0.0 0
1045109 Q0 8838891 6 0.0 0
1045109 Q0 8838899 7 0.0 0
1045109 Q0 8838897 8 0.0 0
1045109 Q0 8838892 9 0.0 0
1045109 Q0 3578465 10 0.0 0
1049519 Q0 8279758 1 0.0 0
1049519 Q0 5355121 2 0.0 0
1049519 Q0 5355126 3 0.0 0
1049519 Q0 7106 4 0.0 0
1049519 Q0 1316185 5 0.0 0
1049519 Q0 5355120 6 0.0 0
1049519 Q0 5355117 7 0.0 0
1049519 Q0 8279756 8 0.0 0
1049519 Q0 2209839 9 0.0 0
1049519 Q0 5355123 10 0.0 0
1051399 Q0 69813 1 0.0 0
1051399 Q0 69818 2 0.0 0
1051399 Q0 7848674 3 0.0 0
1051399 Q0 2866972 4 0.0 0
1051399 Q0 2845499 5 0.0 0
1051399 Q0 3446937 6 0.0 0
1051399 Q0 4426188 7 0.0 0
1051399 Q0 8712317 8 0.0 0
1051399 Q0 7848669 9 0.0 0
1051399 Q0 2768271 10 0.0 0
1056416 Q0 8739209 1 0.0 0
1056416 Q0 2348504 2 0.0 0
1056416 Q0 3790242 3 0.0 0
1056416 Q0 8739205 4 0.0 0
1056416 Q0 1852793 5 0.0 0
1056416 Q0 8499358 6 0.0 0
1056416 Q0 2308626 7 0.0 0
1056416 Q0 8739204 8 0.0 0
1056416 Q0 8757245 9 0.0 0
1056416 Q0 2059786 10 0.0 0
1064670 Q0 8680905 1 0.0 0
1064670 Q0 8680901 2 0.0 0
1064670 Q0 8680903 3 0.0 0
1064670 Q0 8680904 4 0.0 0
1064670 Q0 8680897 5 0.0 0
1064670 Q0 8680902 6 0.0 0
1064670 Q0 3807086 7 0.0 0
1064670 Q0 8496831 8 0.0 0
1064670 Q0 3277975 9 0.0 0
1064670 Q0 402493 10 0.0 0
1065636 Q0 4371749 1 0.0 0
1065636 Q0 3822992 2 0.0 0
1065636 Q0 597867 3 0.0 0
1065636 Q0 3822995 4 0.0 0
1065636 Q0 3822991 5 0.0 0
1065636 Q0 8490752 6 0.0 0
1065636 Q0 444919 7 0.0 0
1065636 Q0 7411479 8 0.0 0
1065636 Q0 1062132 9 0.0 0
1065636 Q0 508097 10 0.0 0
1071750 Q0 8698268 1 0.0 0
1071750 Q0 3928913 2 0.0 0
1071750 Q0 8698269 3 0.0 0
1071750 Q0 8698274 4 0.0 0
1071750 Q0 8378386 5 0.0 0
1071750 Q0 27185 6 0.0 0
1071750 Q0 8698276 7 0.0 0
1071750 Q0 8378390 8 0.0 0
1071750 Q0 8378382 9 0.0 0
1071750 Q0 3575934 10 0.0 0
1103153 Q0 8226436 1 0.0 0
1103153 Q0 8226445 2 0.0 0
1103153 Q0 8226438 3 0.0 0
1103153 Q0 8226439 4 0.0 0
1103153 Q0 6113506 5 0.0 0
1103153 Q0 8226440 6 0.0 0
1103153 Q0 8226444 7 0.0 0
1103153 Q0 8226441 8 0.0 0
1103153 Q0 7570096 9 0.0 0
1103153 Q0 8226443 10 0.0 0
1103791 Q0 8384424 1 0.0 0
1103791 Q0 8220282 2 0.0 0
1103791 Q0 8220278 3 0.0 0
1103791 Q0 8146214 4 0.0 0
1103791 Q0 8384417 5 0.0 0
1103791 Q0 8384416 6 0.0 0
1103791 Q0 8214165 7 0.0 0
1103791 Q0 4034852 8 0.0 0
1103791 Q0 1135608 9 0.0 0
1103791 Q0 8825713 10 0.0 0
1104501 Q0 2204054 1 0.0 0
1104501 Q0 1711081 2 0.0 0
1104501 Q0 7500216 3 0.0 0
1104501 Q0 2283306 4 0.0 0
1104501 Q0 7206350 5 0.0 0
1104501 Q0 5187929 6 0.0 0
1104501 Q0 5027281 7 0.0 0
1104501 Q0 7062732 8 0.0 0
1104501 Q0 5594847 9 0.0 0
1104501 Q0 6871582 10 0.0 0
1105792 Q0 8201618 1 0.0 0
1105792 Q0 8201612 2 0.0 0
1105792 Q0 8201611 3 0.0 0
1105792 Q0 8201616 4 0.0 0
1105792 Q0 8201615 5 0.0 0
1105792 Q0 6977017 6 0.0 0
1105792 Q0 8201613 7 0.0 0
1105792 Q0 8201614 8 0.0 0
1105792 Q0 8201617 9 0.0 0
1105792 Q0 771760 10 0.0 0
1105860 Q0 8282565 1 0.0 0
1105860 Q0 8282567 2 0.0 0
1105860 Q0 8282566 3 0.0 0
1105860 Q0 3593904 4 0.0 0
1105860 Q0 3593906 5 0.0 0
1105860 Q0 3593905 6 0.0 0
1105860 Q0 8203550 7 0.0 0
1105860 Q0 3593907 8 0.0 0
1105860 Q0 4866505 9 0.0 0
1105860 Q0 8200940 10 0.0 0
1106928 Q0 134885 1 0.0 0
1106928 Q0 1533016 2 0.0 0
1106928 Q0 6074924 3 0.0 0
1106928 Q0 1485132 4 0.0 0
1106928 Q0 2168463 5 0.0 0
1106928 Q0 7119194 6 0.0 0
1106928 Q0 1533014 7 0.0 0
1106928 Q0 8246796 8 0.0 0
1106928 Q0 7249250 9 0.0 0
1106928 Q0 1533019 10 0.0 0
1106979 Q0 8190140 1 0.0 0
1106979 Q0 8190137 2 0.0 0
1106979 Q0 8190134 3 0.0 0
1106979 Q0 348054 4 0.0 0
1106979 Q0 348057 5 0.0 0
1106979 Q0 7674419 6 0.0 0
1106979 Q0 7557632 7 0.0 0
1106979 Q0 799359 8 0.0 0
1106979 Q0 348055 9 0.0 0
1106979 Q0 8190133 10 0.0 0
1107315 Q0 8187302 1 0.0 0
1107315 Q0 4598318 2 0.0 0
1107315 Q0 8187299 3 0.0 0
1107315 Q0 4598311 4 0.0 0
1107315 Q0 4598312 5 0.0 0
1107315 Q0 4598316 6 0.0 0
1107315 Q0 4598309 7 0.0 0
1107315 Q0 5060880 8 0.0 0
1107315 Q0 2219303 9 0.0 0
1107315 Q0 4598310 10 0.0 0
1107440 Q0 8186231 1 0.0 0
1107440 Q0 8186223 2 0.0 0
1107440 Q0 5297995 3 0.0 0
1107440 Q0 8186224 4 0.0 0
1107440 Q0 8186229 5 0.0 0
1107440 Q0 8186230 6 0.0 0
1107440 Q0 631238 7 0.0 0
1107440 Q0 8365842 8 0.0 0
1107440 Q0 2888119 9 0.0 0
1107440 Q0 6351990 10 0.0 0
1108450 Q0 1629571 1 0.0 0
1108450 Q0 4400204 2 0.0 0
1108450 Q0 1629577 3 0.0 0
1108450 Q0 8177145 4 0.0 0
1108450 Q0 4747082 5 0.0 0
1108450 Q0 4400207 6 0.0 0
1108450 Q0 6285205 7 0.0 0
1108450 Q0 8177144 8 0.0 0
1108450 Q0 1629573 9 0.0 0
1108450 Q0 8177146 10 0.0 0
1108466 Q0 8177012 1 0.0 0
1108466 Q0 2702004 2 0.0 0
1108466 Q0 2556006 3 0.0 0
1108466 Q0 2002688 4 0.0 0
1108466 Q0 4944265 5 0.0 0
1108466 Q0 753377 6 0.0 0
1108466 Q0 3482588 7 0.0 0
1108466 Q0 841054 8 0.0 0
1108466 Q0 6210091 9 0.0 0
1108466 Q0 678098 10 0.0 0
1108473 Q0 8176948 1 0.0 0
1108473 Q0 8176947 2 0.0 0
1108473 Q0 1188068 3 0.0 0
1108473 Q0 1188069 4 0.0 0
1108473 Q0 8176949 5 0.0 0
1108473 Q0 3978700 6 0.0 0
1108473 Q0 1188065 7 0.0 0
1108473 Q0 3978697 8 0.0 0
1108473 Q0 4334566 9 0.0 0
1108473 Q0 2596938 10 0.0 0
1108651 Q0 6058576 1 0.0 0
1108651 Q0 1457502 2 0.0 0
1108651 Q0 5983898 3 0.0 0
1108651 Q0 6254871 4 0.0 0
1108651 Q0 7111296 5 0.0 0
1108651 Q0 3459013 6 0.0 0
1108651 Q0 8261516 7 0.0 0
1108651 Q0 404044 8 0.0 0
1108651 Q0 150654 9 0.0 0
1108651 Q0 150651 10 0.0 0
1108729 Q0 3405694 1 0.0 0
1108729 Q0 7993178 2 0.0 0
1108729 Q0 7789132 3 0.0 0
1108729 Q0 334958 4 0.0 0
1108729 Q0 8322380 5 0.0 0
1108729 Q0 6852365 6 0.0 0
1108729 Q0 5449883 7 0.0 0
1108729 Q0 6852366 8 0.0 0
1108729 Q0 3405688 9 0.0 0
1108729 Q0 5231272 10 0.0 0
1109699 Q0 737337 1 0.0 0
1109699 Q0 2769074 2 0.0 0
1109699 Q0 5968196 3 0.0 0
1109699 Q0 1241940 4 0.0 0
1109699 Q0 1681693 5 0.0 0
1109699 Q0 4872045 6 0.0 0
1109699 Q0 7603044 7 0.0 0
1109699 Q0 2769077 8 0.0 0
1109699 Q0 1528489 9 0.0 0
1109699 Q0 737342 10 0.0 0
1109707 Q0 1911564 1 0.0 0
1109707 Q0 4122615 2 0.0 0
1109707 Q0 2245437 3 0.0 0
1109707 Q0 1143386 4 0.0 0
1109707 Q0 4788762 5 0.0 0
1109707 Q0 4370753 6 0.0 0
1109707 Q0 5947139 7 0.0 0
1109707 Q0 3982977 8 0.0 0
1109707 Q0 8165491 9 0.0 0
1109707 Q0 1719374 10 0.0 0
1109850 Q0 8164030 1 0.0 0
1109850 Q0 8164035 2 0.0 0
1109850 Q0 8164032 3 0.0 0
1109850 Q0 8164028 4 0.0 0
1109850 Q0 8164031 5 0.0 0
1109850 Q0 8164033 6 0.0 0
1109850 Q0 8164036 7 0.0 0
1109850 Q0 3633617 8 0.0 0
1109850 Q0 8362880 9 0.0 0
1109850 Q0 3633621 10 0.0 0
1110678 Q0 2713705 1 0.0 0
1110678 Q0 2713708 2 0.0 0
1110678 Q0 8155914 3 0.0 0
1110678 Q0 4517438 4 0.0 0
1110678 Q0 7896541 5 0.0 0
1110678 Q0 8198585 6 0.0 0
1110678 Q0 7139329 7 0.0 0
1110678 Q0 8315653 8 0.0 0
1110678 Q0 4007919 9 0.0 0
1110678 Q0 7896538 10 0.0 0
1112142 Q0 969648 1 0.0 0
1112142 Q0 3974365 2 0.0 0
1112142 Q0 6808529 3 0.0 0
1112142 Q0 3705084 4 0.0 0
1112142 Q0 2542782 5 0.0 0
1112142 Q0 238257 6 0.0 0
1112142 Q0 8256126 7 0.0 0
1112142 Q0 2384100 8 0.0 0
1112142 Q0 1237663 9 0.0 0
1112142 Q0 7866090 10 0.0 0
1113042 Q0 7834150 1 0.0 0
1113042 Q0 6226543 2 0.0 0
1113042 Q0 7072957 3 0.0 0
1113042 Q0 4542399 4 0.0 0
1113042 Q0 2642970 5 0.0 0
1113042 Q0 2410652 6 0.0 0
1113042 Q0 4824974 7 0.0 0
1113042 Q0 4824972 8 0.0 0
1113042 Q0 3110558 9 0.0 0
1113042 Q0 5201605 10 0.0 0
1113256 Q0 7561115 1 0.0 0
1113256 Q0 7561120 2 0.0 0
1113256 Q0 8130535 3 0.0 0
1113256 Q0 8130530 4 0.0 0
1113256 Q0 7561113 5 0.0 0
1113256 Q0 5365819 6 0.0 0
1113256 Q0 7561117 7 0.0 0
1113256 Q0 7561114 8 0.0 0
1113256 Q0 7843129 9 0.0 0
1113256 Q0 7561111 10 0.0 0
1114166 Q0 2663442 1 0.0 0
1114166 Q0 6393204 2 0.0 0
1114166 Q0 4253053 3 0.0 0
1114166 Q0 8557298 4 0.0 0
1114166 Q0 629384 5 0.0 0
1114166 Q0 8569618 6 0.0 0
1114166 Q0 8163346 7 0.0 0
1114166 Q0 4981800 8 0.0 0
1114166 Q0 1166813 9 0.0 0
1114166 Q0 1077993 10 0.0 0
1114286 Q0 3546378 1 0.0 0
1114286 Q0 486656 2 0.0 0
1114286 Q0 8358389 3 0.0 0
1114286 Q0 6251503 4 0.0 0
1114286 Q0 5797589 5 0.0 0
1114286 Q0 4624594 6 0.0 0
1114286 Q0 2163933 7 0.0 0
1114286 Q0 1249005 8 0.0 0
1114286 Q0 7471472 9 0.0 0
1114286 Q0 545961 10 0.0 0
1114993 Q0 8113957 1 0.0 0
1114993 Q0 1993703 2 0.0 0
1114993 Q0 8113956 3 0.0 0
1114993 Q0 8784328 4 0.0 0
1114993 Q0 8100548 5 0.0 0
1114993 Q0 568198 6 0.0 0
1114993 Q0 4844498 7 0.0 0
1114993 Q0 7006472 8 0.0 0
1114993 Q0 588671 9 0.0 0
1114993 Q0 1049909 10 0.0 0
1115210 Q0 8111887 1 0.0 0
1115210 Q0 8111878 2 0.0 0
1115210 Q0 8111885 3 0.0 0
1115210 Q0 8111884 4 0.0 0
1115210 Q0 8111882 5 0.0 0
1115210 Q0 7440361 6 0.0 0
1115210 Q0 8390254 7 0.0 0
1115210 Q0 840008 8 0.0 0
1115210 Q0 7440366 9 0.0 0
1115210 Q0 7440363 10 0.0 0
1116380 Q0 5104772 1 0.0 0
1116380 Q0 521341 2 0.0 0
1116380 Q0 8113949 3 0.0 0
1116380 Q0 444969 4 0.0 0
1116380 Q0 6891415 5 0.0 0
1116380 Q0 1645711 6 0.0 0
1116380 Q0 5104775 7 0.0 0
1116380 Q0 5104774 8 0.0 0
1116380 Q0 1883473 9 0.0 0
1116380 Q0 8166096 10 0.0 0
1117817 Q0 6552328 1 0.0 0
1117817 Q0 2963968 2 0.0 0
1117817 Q0 8330387 3 0.0 0
1117817 Q0 6382626 4 0.0 0
1117817 Q0 6526200 5 0.0 0
1117817 Q0 2373506 6 0.0 0
1117817 Q0 8801629 7 0.0 0
1117817 Q0 3943412 8 0.0 0
1117817 Q0 580006 9 0.0 0
1117817 Q0 3330454 10 0.0 0
1117886 Q0 4393875 1 0.0 0
1117886 Q0 4219250 2 0.0 0
1117886 Q0 1952589 3 0.0 0
1117886 Q0 2902802 4 0.0 0
1117886 Q0 2921720 5 0.0 0
1117886 Q0 7460948 6 0.0 0
1117886 Q0 8073514 7 0.0 0
1117886 Q0 4933054 8 0.0 0
1117886 Q0 620566 9 0.0 0
1117886 Q0 7460949 10 0.0 0
1118370 Q0 8081650 1 0.0 0
1118370 Q0 3610953 2 0.0 0
1118370 Q0 7476356 3 0.0 0
1118370 Q0 3104727 4 0.0 0
1118370 Q0 8081649 5 0.0 0
1118370 Q0 4536680 6 0.0 0
1118370 Q0 8129700 7 0.0 0
1118370 Q0 3104730 8 0.0 0
1118370 Q0 7940629 9 0.0 0
1118370 Q0 2968082 10 0.0 0
1118426 Q0 8081196 1 0.0 0
1118426 Q0 8081199 2 0.0 0
1118426 Q0 8081193 3 0.0 0
1118426 Q0 2424353 4 0.0 0
1118426 Q0 5598458 5 0.0 0
1118426 Q0 2424347 6 0.0 0
1118426 Q0 2062976 7 0.0 0
1118426 Q0 8079223 8 0.0 0
1118426 Q0 2469356 9 0.0 0
1118426 Q0 2214997 10 0.0 0
1119118 Q0 8074735 1 0.0 0
1119118 Q0 8074734 2 0.0 0
1119118 Q0 8074733 3 0.0 0
1119118 Q0 8074741 4 0.0 0
1119118 Q0 8074736 5 0.0 0
1119118 Q0 4246892 6 0.0 0
1119118 Q0 8074739 7 0.0 0
1119118 Q0 8074737 8 0.0 0
1119118 Q0 3927073 9 0.0 0
1119118 Q0 6026130 10 0.0 0
1119543 Q0 8070706 1 0.0 0
1119543 Q0 8070713 2 0.0 0
1119543 Q0 5052354 3 0.0 0
1119543 Q0 8070707 4 0.0 0
1119543 Q0 1603603 5 0.0 0
1119543 Q0 405831 6 0.0 0
1119543 Q0 3612261 7 0.0 0
1119543 Q0 405832 8 0.0 0
1119543 Q0 4770699 9 0.0 0
1119543 Q0 3612262 10 0.0 0
1120588 Q0 8060866 1 0.0 0
1120588 Q0 8060864 2 0.0 0
1120588 Q0 8060861 3 0.0 0
1120588 Q0 8060865 4 0.0 0
1120588 Q0 8060867 5 0.0 0
1120588 Q0 7516324 6 0.0 0
1120588 Q0 8060862 7 0.0 0
1120588 Q0 2577689 8 0.0 0
1120588 Q0 4896114 9 0.0 0
1120588 Q0 8060868 10 0.0 0
1121353 Q0 8053113 1 0.0 0
1121353 Q0 8053117 2 0.0 0
1121353 Q0 1854970 3 0.0 0
1121353 Q0 5277905 4 0.0 0
1121353 Q0 195106 5 0.0 0
1121353 Q0 8053112 6 0.0 0
1121353 Q0 3541854 7 0.0 0
1121353 Q0 5642762 8 0.0 0
1121353 Q0 5606064 9 0.0 0
1121353 Q0 5387479 10 0.0 0
1121879 Q0 2603303 1 0.0 0
1121879 Q0 4995632 2 0.0 0
1121879 Q0 8048100 3 0.0 0
1121879 Q0 8048097 4 0.0 0
1121879 Q0 5154174 5 0.0 0
1121879 Q0 2603307 6 0.0 0
1121879 Q0 1145142 7 0.0 0
1121879 Q0 8739256 8 0.0 0
1121879 Q0 2193862 9 0.0 0
1121879 Q0 3249202 10 0.0 0
1122138 Q0 4342246 1 0.0 0
1122138 Q0 4342247 2 0.0 0
1122138 Q0 581397 3 0.0 0
1122138 Q0 3345300 4 0.0 0
1122138 Q0 1373060 5 0.0 0
1122138 Q0 8072197 6 0.0 0
1122138 Q0 4220148 7 0.0 0
1122138 Q0 348404 8 0.0 0
1122138 Q0 3647404 9 0.0 0
1122138 Q0 4025286 10 0.0 0
1122767 Q0 5877500 1 0.0 0
1122767 Q0 5877496 2 0.0 0
1122767 Q0 75236 3 0.0 0
1122767 Q0 6179209 4 0.0 0
1122767 Q0 2019371 5 0.0 0
1122767 Q0 1575377 6 0.0 0
1122767 Q0 6851720 7 0.0 0
1122767 Q0 4824677 8 0.0 0
1122767 Q0 2019367 9 0.0 0
1122767 Q0 4550504 10 0.0 0
1122843 Q0 2332417 1 0.0 0
1122843 Q0 8772747 2 0.0 0
1122843 Q0 2332424 3 0.0 0
1122843 Q0 3880592 4 0.0 0
1122843 Q0 1573628 5 0.0 0
1122843 Q0 6234649 6 0.0 0
1122843 Q0 3216760 7 0.0 0
1122843 Q0 225969 8 0.0 0
1122843 Q0 5684580 9 0.0 0
1122843 Q0 3666952 10 0.0 0
1123657 Q0 8032342 1 0.0 0
1123657 Q0 8032346 2 0.0 0
1123657 Q0 8032349 3 0.0 0
1123657 Q0 8032347 4 0.0 0
1123657 Q0 8032343 5 0.0 0
1123657 Q0 7221025 6 0.0 0
1123657 Q0 7221027 7 0.0 0
1123657 Q0 5587952 8 0.0 0
1123657 Q0 5587947 9 0.0 0
1123657 Q0 5571459 10 0.0 0
1124552 Q0 286096 1 0.0 0
1124552 Q0 6174050 2 0.0 0
1124552 Q0 4238133 3 0.0 0
1124552 Q0 1614753 4 0.0 0
1124552 Q0 2610030 5 0.0 0
1124552 Q0 5679020 6 0.0 0
1124552 Q0 2117476 7 0.0 0
1124552 Q0 8023280 8 0.0 0
1124552 Q0 7811018 9 0.0 0
1124552 Q0 2559970 10 0.0 0
1125632 Q0 5887319 1 0.0 0
1125632 Q0 6721396 2 0.0 0
1125632 Q0 1475286 3 0.0 0
1125632 Q0 1475287 4 0.0 0
1125632 Q0 4811235 5 0.0 0
1125632 Q0 1243662 6 0.0 0
1125632 Q0 5887315 7 0.0 0
1125632 Q0 7191566 8 0.0 0
1125632 Q0 6721394 9 0.0 0
1125632 Q0 6934400 10 0.0 0
1125755 Q0 7420642 1 0.0 0
1125755 Q0 1744931 2 0.0 0
1125755 Q0 39985 3 0.0 0
1125755 Q0 7254547 4 0.0 0
1125755 Q0 2206347 5 0.0 0
1125755 Q0 7254548 6 0.0 0
1125755 Q0 7702326 7 0.0 0
1125755 Q0 482655 8 0.0 0
1125755 Q0 7254544 9 0.0 0
1125755 Q0 2502058 10 0.0 0
1126523 Q0 8805844 1 0.0 0
1126523 Q0 8805841 2 0.0 0
1126523 Q0 8805840 3 0.0 0
1126523 Q0 8805837 4 0.0 0
1126523 Q0 8805846 5 0.0 0
1126523 Q0 8805845 6 0.0 0
1126523 Q0 8805838 7 0.0 0
1126523 Q0 8805842 8 0.0 0
1126523 Q0 4220582 9 0.0 0
1126523 Q0 4421982 10 0.0 0
1126738 Q0 8790091 1 0.0 0
1126738 Q0 1091656 2 0.0 0
1126738 Q0 1091662 3 0.0 0
1126738 Q0 1091658 4 0.0 0
1126738 Q0 8790087 5 0.0 0
1126738 Q0 1091657 6 0.0 0
1126738 Q0 8790096 7 0.0 0
1126738 Q0 8790088 8 0.0 0
1126738 Q0 1091661 9 0.0 0
1126738 Q0 1091654 10 0.0 0
1127004 Q0 2709247 1 0.0 0
1127004 Q0 8643091 2 0.0 0
1127004 Q0 6362537 3 0.0 0
1127004 Q0 7744056 4 0.0 0
1127004 Q0 2843493 5 0.0 0
1127004 Q0 6667388 6 0.0 0
1127004 Q0 6667386 7 0.0 0
1127004 Q0 6667385 8 0.0 0
1127004 Q0 2669803 9 0.0 0
1127004 Q0 1762092 10 0.0 0
1127233 Q0 7749528 1 0.0 0
1127233 Q0 8706736 2 0.0 0
1127233 Q0 5400207 3 0.0 0
1127233 Q0 7749534 4 0.0 0
1127233 Q0 1045687 5 0.0 0
1127233 Q0 2501001 6 0.0 0
1127233 Q0 7749529 7 0.0 0
1127233 Q0 1579430 8 0.0 0
1127233 Q0 1785769 9 0.0 0
1127233 Q0 589731 10 0.0 0
1127540 Q0 8726956 1 0.0 0
1127540 Q0 8726961 2 0.0 0
1127540 Q0 8726954 3 0.0 0
1127540 Q0 2044368 4 0.0 0
1127540 Q0 2044369 5 0.0 0
1127540 Q0 8726958 6 0.0 0
1127540 Q0 8726957 7 0.0 0
1127540 Q0 2044366 8 0.0 0
1127540 Q0 2574460 9 0.0 0
1127540 Q0 2044372 10 0.0 0
1128456 Q0 8649622 1 0.0 0
1128456 Q0 1459784 2 0.0 0
1128456 Q0 7526299 3 0.0 0
1128456 Q0 8649615 4 0.0 0
1128456 Q0 3721820 5 0.0 0
1128456 Q0 4084616 6 0.0 0
1128456 Q0 8649617 7 0.0 0
1128456 Q0 4915941 8 0.0 0
1128456 Q0 6716075 9 0.0 0
1128456 Q0 5416576 10 0.0 0
1129081 Q0 8599986 1 0.0 0
1129081 Q0 7219790 2 0.0 0
1129081 Q0 6059167 3 0.0 0
1129081 Q0 8599980 4 0.0 0
1129081 Q0 6059168 5 0.0 0
1129081 Q0 1130400 6 0.0 0
1129081 Q0 1059897 7 0.0 0
1129081 Q0 5023306 8 0.0 0
1129081 Q0 3774372 9 0.0 0
1129081 Q0 1130393 10 0.0 0
1130705 Q0 2864237 1 0.0 0
1130705 Q0 5346731 2 0.0 0
1130705 Q0 165481 3 0.0 0
1130705 Q0 1527363 4 0.0 0
1130705 Q0 5066439 5 0.0 0
1130705 Q0 5601611 6 0.0 0
1130705 Q0 8303297 7 0.0 0
1130705 Q0 1052144 8 0.0 0
1130705 Q0 4613829 9 0.0 0
1130705 Q0 5569797 10 0.0 0
1130734 Q0 2546803 1 0.0 0
1130734 Q0 7212170 2 0.0 0
1130734 Q0 6844108 3 0.0 0
1130734 Q0 1574555 4 0.0 0
1130734 Q0 8133889 5 0.0 0
1130734 Q0 3078550 6 0.0 0
1130734 Q0 2546804 7 0.0 0
1130734 Q0 7071304 8 0.0 0
1130734 Q0 278580 9 0.0 0
1130734 Q0 8460903 10 0.0 0
1130847 Q0 1123475 1 0.0 0
1130847 Q0 4201753 2 0.0 0
1130847 Q0 5722930 3 0.0 0
1130847 Q0 8265160 4 0.0 0
1130847 Q0 8348059 5 0.0 0
1130847 Q0 8299227 6 0.0 0
1130847 Q0 7332266 7 0.0 0
1130847 Q0 5722929 8 0.0 0
1130847 Q0 8451983 9 0.0 0
1130847 Q0 7332262 10 0.0 0
1131069 Q0 8432050 1 0.0 0
1131069 Q0 8432048 2 0.0 0
1131069 Q0 8191743 3 0.0 0
1131069 Q0 1780966 4 0.0 0
1131069 Q0 6907802 5 0.0 0
1131069 Q0 6809699 6 0.0 0
1131069 Q0 6809701 7 0.0 0
1131069 Q0 6809698 8 0.0 0
1131069 Q0 6809697 9 0.0 0
1131069 Q0 1780965 10 0.0 0
1132044 Q0 737098 1 0.0 0
1132044 Q0 4408893 2 0.0 0
1132044 Q0 855376 3 0.0 0
1132044 Q0 8349151 4 0.0 0
1132044 Q0 1755558 5 0.0 0
1132044 Q0 8349152 6 0.0 0
1132044 Q0 8349157 7 0.0 0
1132044 Q0 2315264 8 0.0 0
1132044 Q0 6352937 9 0.0 0
1132044 Q0 1818483 10 0.0 0
1132247 Q0 3816958 1 0.0 0
1132247 Q0 7390343 2 0.0 0
1132247 Q0 1210358 3 0.0 0
1132247 Q0 7390342 4 0.0 0
1132247 Q0 1210357 5 0.0 0
1132247 Q0 1210363 6 0.0 0
1132247 Q0 7310271 7 0.0 0
1132247 Q0 6525827 8 0.0 0
1132247 Q0 7390341 9 0.0 0
1132247 Q0 7390347 10 0.0 0
1132532 Q0 23966 1 0.0 0
1132532 Q0 6716842 2 0.0 0
1132532 Q0 4893092 3 0.0 0
1132532 Q0 7496688 4 0.0 0
1132532 Q0 2243580 5 0.0 0
1132532 Q0 6832793 6 0.0 0
1132532 Q0 23960 7 0.0 0
1132532 Q0 4851673 8 0.0 0
1132532 Q0 1976995 9 0.0 0
1132532 Q0 8318623 10 0.0 0
1132842 Q0 4874198 1 0.0 0
1132842 Q0 8240962 2 0.0 0
1132842 Q0 914821 3 0.0 0
1132842 Q0 4132635 4 0.0 0
1132842 Q0 4966068 5 0.0 0
1132842 Q0 6570513 6 0.0 0
1132842 Q0 2324752 7 0.0 0
1132842 Q0 6570509 8 0.0 0
1132842 Q0 6536692 9 0.0 0
1132842 Q0 3158781 10 0.0 0
1132943 Q0 5459369 1 0.0 0
1132943 Q0 6587037 2 0.0 0
1132943 Q0 2248898 3 0.0 0
1132943 Q0 2120747 4 0.0 0
1132943 Q0 8275307 5 0.0 0
1132943 Q0 8108886 6 0.0 0
1132943 Q0 2248899 7 0.0 0
1132943 Q0 1246057 8 0.0 0
1132943 Q0 6469809 9 0.0 0
1132943 Q0 6291103 10 0.0 0
1132950 Q0 4743337 1 0.0 0
1132950 Q0 7780857 2 0.0 0
1132950 Q0 6877388 3 0.0 0
1132950 Q0 6877383 4 0.0 0
1132950 Q0 7780853 5 0.0 0
1132950 Q0 6848319 6 0.0 0
1132950 Q0 6073096 7 0.0 0
1132950 Q0 8274826 8 0.0 0
1132950 Q0 5036397 9 0.0 0
1132950 Q0 8435536 10 0.0 0
1133485 Q0 6907608 1 0.0 0
1133485 Q0 4039286 2 0.0 0
1133485 Q0 4051946 3 0.0 0
1133485 Q0 95761 4 0.0 0
1133485 Q0 4039282 5 0.0 0
1133485 Q0 7285141 6 0.0 0
1133485 Q0 2043016 7 0.0 0
1133485 Q0 2982290 8 0.0 0
1133485 Q0 806533 9 0.0 0
1133485 Q0 8058621 10 0.0 0
1133579 Q0 4931644 1 0.0 0
1133579 Q0 8220878 2 0.0 0
1133579 Q0 4931640 3 0.0 0
1133579 Q0 733204 4 0.0 0
1133579 Q0 4274865 5 0.0 0
1133579 Q0 4931647 6 0.0 0
1133579 Q0 8379135 7 0.0 0
1133579 Q0 733207 8 0.0 0
1133579 Q0 733210 9 0.0 0
1133579 Q0 2067542 10 0.0 0
1134094 Q0 8172164 1 0.0 0
1134094 Q0 8172161 2 0.0 0
1134094 Q0 6635969 3 0.0 0
1134094 Q0 3021430 4 0.0 0
1134094 Q0 7234924 5 0.0 0
1134094 Q0 7182379 6 0.0 0
1134094 Q0 8172166 7 0.0 0
1134094 Q0 7182372 8 0.0 0
1134094 Q0 7182371 9 0.0 0
1134094 Q0 4582485 10 0.0 0
1134207 Q0 7155676 1 0.0 0
1134207 Q0 869782 2 0.0 0
1134207 Q0 374549 3 0.0 0
1134207 Q0 374550 4 0.0 0
1134207 Q0 1889208 5 0.0 0
1134207 Q0 1698802 6 0.0 0
1134207 Q0 7049025 7 0.0 0
1134207 Q0 1889202 8 0.0 0
1134207 Q0 8162001 9 0.0 0
1134207 Q0 1141998 10 0.0 0
1134431 Q0 8141222 1 0.0 0
1134431 Q0 8141226 2 0.0 0
1134431 Q0 7790580 3 0.0 0
1134431 Q0 2339181 4 0.0 0
1134431 Q0 4156773 5 0.0 0
1134431 Q0 6402803 6 0.0 0
1134431 Q0 7050514 7 0.0 0
1134431 Q0 2065650 8 0.0 0
1134431 Q0 7974008 9 0.0 0
1134431 Q0 75003 10 0.0 0
1134680 Q0 8118937 1 0.0 0
1134680 Q0 8118928 2 0.0 0
1134680 Q0 8118936 3 0.0 0
1134680 Q0 8118933 4 0.0 0
1134680 Q0 2801678 5 0.0 0
1134680 Q0 6691591 6 0.0 0
1134680 Q0 2514026 7 0.0 0
1134680 Q0 6587987 8 0.0 0
1134680 Q0 771227 9 0.0 0
1134680 Q0 6691596 10 0.0 0
1134939 Q0 8093333 1 0.0 0
1134939 Q0 8093330 2 0.0 0
1134939 Q0 7543128 3 0.0 0
1134939 Q0 8455233 4 0.0 0
1134939 Q0 8093334 5 0.0 0
1134939 Q0 8455232 6 0.0 0
1134939 Q0 7543133 7 0.0 0
1134939 Q0 1492109 8 0.0 0
1134939 Q0 8093328 9 0.0 0
1134939 Q0 7543137 10 0.0 0
1134988 Q0 7296294 1 0.0 0
1134988 Q0 380748 2 0.0 0
1134988 Q0 3001914 3 0.0 0
1134988 Q0 380752 4 0.0 0
1134988 Q0 8088407 5 0.0 0
1134988 Q0 380755 6 0.0 0
1134988 Q0 380750 7 0.0 0
1134988 Q0 3001910 8 0.0 0
1134988 Q0 380749 9 0.0 0
1134988 Q0 8088404 10 0.0 0
1135268 Q0 6663480 1 0.0 0
1135268 Q0 4716907 2 0.0 0
1135268 Q0 6716138 3 0.0 0
1135268 Q0 8272601 4 0.0 0
1135268 Q0 7001671 5 0.0 0
1135268 Q0 600895 6 0.0 0
1135268 Q0 3134927 7 0.0 0
1135268 Q0 3117784 8 0.0 0
1135268 Q0 3709957 9 0.0 0
1135268 Q0 5175193 10 0.0 0
1135283 Q0 8061944 1 0.0 0
1135283 Q0 4361255 2 0.0 0
1135283 Q0 2582837 3 0.0 0
1135283 Q0 3368379 4 0.0 0
1135283 Q0 5365509 5 0.0 0
1135283 Q0 8442689 6 0.0 0
1135283 Q0 4361254 7 0.0 0
1135283 Q0 654083 8 0.0 0
1135283 Q0 3542271 9 0.0 0
1135283 Q0 4424341 10 0.0 0
1135413 Q0 8050665 1 0.0 0
1135413 Q0 8050662 2 0.0 0
1135413 Q0 6039819 3 0.0 0
1135413 Q0 7522683 4 0.0 0
1135413 Q0 8050667 5 0.0 0
1135413 Q0 2115732 6 0.0 0
1135413 Q0 6039815 7 0.0 0
1135413 Q0 6039817 8 0.0 0
1135413 Q0 5118091 9 0.0 0
1135413 Q0 4594528 10 0.0 0
1135626 Q0 5799716 1 0.0 0
1135626 Q0 8032621 2 0.0 0
1135626 Q0 8181748 3 0.0 0
1135626 Q0 8801531 4 0.0 0
1135626 Q0 3497932 5 0.0 0
1135626 Q0 5799715 6 0.0 0
1135626 Q0 2003615 7 0.0 0
1135626 Q0 4035834 8 0.0 0
1135626 Q0 5799719 9 0.0 0
1135626 Q0 6532689 10 0.0 0
1136043 Q0 8728071 1 0.0 0
1136043 Q0 8728069 2 0.0 0
1136043 Q0 1056534 3 0.0 0
1136043 Q0 1056540 4 0.0 0
1136043 Q0 8728072 5 0.0 0
1136043 Q0 8728077 6 0.0 0
1136043 Q0 8728070 7 0.0 0
1136043 Q0 4970862 8 0.0 0
1136043 Q0 5602859 9 0.0 0
1136043 Q0 711191 10 0.0 0
1136047 Q0 8724032 1 0.0 0
1136047 Q0 8724031 2 0.0 0
1136047 Q0 2815436 3 0.0 0
1136047 Q0 512481 4 0.0 0
1136047 Q0 8724035 5 0.0 0
1136047 Q0 8724038 6 0.0 0
1136047 Q0 7540969 7 0.0 0
1136047 Q0 512482 8 0.0 0
1136047 Q0 2815435 9 0.0 0
1136047 Q0 8724036 10 0.0 0
1136769 Q0 8082043 1 0.0 0
1136769 Q0 189017 2 0.0 0
1136769 Q0 4713242 3 0.0 0
1136769 Q0 8082050 4 0.0 0
1136769 Q0 5718075 5 0.0 0
1136769 Q0 8082046 6 0.0 0
1136769 Q0 129247 7 0.0 0
1136769 Q0 189019 8 0.0 0
1136769 Q0 189016 9 0.0 0
1136769 Q0 5508127 10 0.0 0
1136962 Q0 7631079 1 0.0 0
1136962 Q0 6185711 2 0.0 0
1136962 Q0 6185714 3 0.0 0
1136962 Q0 8336574 4 0.0 0
1136962 Q0 6185712 5 0.0 0
1136962 Q0 6185717 6 0.0 0
1136962 Q0 6442773 7 0.0 0
1136962 Q0 6442776 8 0.0 0
1136962 Q0 6185710 9 0.0 0
1136962 Q0 6185716 10 0.0 0
118440 Q0 6750547 1 0.0 0
118440 Q0 6750548 2 0.0 0
118440 Q0 6750552 3 0.0 0
118440 Q0 1569787 4 0.0 0
118440 Q0 1569786 5 0.0 0
118440 Q0 7035722 6 0.0 0
118440 Q0 2975216 7 0.0 0
118440 Q0 2605332 8 0.0 0
118440 Q0 5365149 9 0.0 0
118440 Q0 2975214 10 0.0 0
119821 Q0 3365586 1 0.0 0
119821 Q0 8012780 2 0.0 0
119821 Q0 8012779 3 0.0 0
119821 Q0 8012786 4 0.0 0
119821 Q0 7093228 5 0.0 0
119821 Q0 2212944 6 0.0 0
119821 Q0 2212939 7 0.0 0
119821 Q0 259724 8 0.0 0
119821 Q0 2212940 9 0.0 0
119821 Q0 8012784 10 0.0 0
121171 Q0 8260192 1 0.0 0
121171 Q0 259436 2 0.0 0
121171 Q0 259437 3 0.0 0
121171 Q0 8643275 4 0.0 0
121171 Q0 451171 5 0.0 0
121171 Q0 451173 6 0.0 0
121171 Q0 2735732 7 0.0 0
121171 Q0 5809830 8 0.0 0
121171 Q0 3077043 9 0.0 0
121171 Q0 7165126 10 0.0 0
125659 Q0 3119884 1 0.0 0
125659 Q0 1967866 2 0.0 0
125659 Q0 1106134 3 0.0 0
125659 Q0 6213118 4 0.0 0
125659 Q0 4522348 5 0.0 0
125659 Q0 8081436 6 0.0 0
125659 Q0 6020547 7 0.0 0
125659 Q0 8494256 8 0.0 0
125659 Q0 6213116 9 0.0 0
125659 Q0 2984419 10 0.0 0
135802 Q0 8692623 1 0.0 0
135802 Q0 8692626 2 0.0 0
135802 Q0 8692619 3 0.0 0
135802 Q0 8692628 4 0.0 0
135802 Q0 8692624 5 0.0 0
135802 Q0 6037338 6 0.0 0
135802 Q0 8692625 7 0.0 0
135802 Q0 8692627 8 0.0 0
135802 Q0 8692621 9 0.0 0
135802 Q0 6037331 10 0.0 0
141630 Q0 6496229 1 0.0 0
141630 Q0 8217013 2 0.0 0
141630 Q0 430422 3 0.0 0
141630 Q0 1033241 4 0.0 0
141630 Q0 8319989 5 0.0 0
141630 Q0 1157251 6 0.0 0
141630 Q0 4422341 7 0.0 0
141630 Q0 516277 8 0.0 0
141630 Q0 2510073 9 0.0 0
141630 Q0 4101951 10 0.0 0
144862 Q0 92237 1 0.0 0
144862 Q0 5292762 2 0.0 0
144862 Q0 92238 3 0.0 0
144862 Q0 2865950 4 0.0 0
144862 Q0 92233 5 0.0 0
144862 Q0 7245936 6 0.0 0
144862 Q0 6150954 7 0.0 0
144862 Q0 92239 8 0.0 0
144862 Q0 5337360 9 0.0 0
144862 Q0 2704560 10 0.0 0
156498 Q0 5606985 1 0.0 0
156498 Q0 4273412 2 0.0 0
156498 Q0 4273419 3 0.0 0
156498 Q0 3301559 4 0.0 0
156498 Q0 6351769 5 0.0 0
156498 Q0 104801 6 0.0 0
156498 Q0 7456851 7 0.0 0
156498 Q0 5606983 8 0.0 0
156498 Q0 7300615 9 0.0 0
156498 Q0 4960216 10 0.0 0
166046 Q0 1076793 1 0.0 0
166046 Q0 1076792 2 0.0 0
166046 Q0 1076791 3 0.0 0
166046 Q0 7947463 4 0.0 0
166046 Q0 1076795 5 0.0 0
166046 Q0 7947466 6 0.0 0
166046 Q0 1076794 7 0.0 0
166046 Q0 96920 8 0.0 0
166046 Q0 7453667 9 0.0 0
166046 Q0 2913064 10 0.0 0
169208 Q0 4859433 1 0.0 0
169208 Q0 4859432 2 0.0 0
169208 Q0 2888366 3 0.0 0
169208 Q0 4762140 4 0.0 0
169208 Q0 6808744 5 0.0 0
169208 Q0 4762135 6 0.0 0
169208 Q0 1395417 7 0.0 0
169208 Q0 85987 8 0.0 0
169208 Q0 7251639 9 0.0 0
169208 Q0 1395418 10 0.0 0
174463 Q0 8304458 1 0.0 0
174463 Q0 7089630 2 0.0 0
174463 Q0 3501225 3 0.0 0
174463 Q0 7089627 4 0.0 0
174463 Q0 479318 5 0.0 0
174463 Q0 6867423 6 0.0 0
174463 Q0 1024766 7 0.0 0
174463 Q0 6083371 8 0.0 0
174463 Q0 7898167 9 0.0 0
174463 Q0 7108184 10 0.0 0
175920 Q0 8234235 1 0.0 0
175920 Q0 7360509 2 0.0 0
175920 Q0 6815325 3 0.0 0
175920 Q0 5717848 4 0.0 0
175920 Q0 5673664 5 0.0 0
175920 Q0 4255173 6 0.0 0
175920 Q0 7615731 7 0.0 0
175920 Q0 5673665 8 0.0 0
175920 Q0 8537849 9 0.0 0
175920 Q0 6799298 10 0.0 0
177604 Q0 8451995 1 0.0 0
177604 Q0 8451992 2 0.0 0
177604 Q0 8451989 3 0.0 0
177604 Q0 8451987 4 0.0 0
177604 Q0 8451991 5 0.0 0
177604 Q0 634627 6 0.0 0
177604 Q0 1642798 7 0.0 0
177604 Q0 1642796 8 0.0 0
177604 Q0 646706 9 0.0 0
177604 Q0 7283855 10 0.0 0
181626 Q0 71073 1 0.0 0
181626 Q0 7795335 2 0.0 0
181626 Q0 71075 3 0.0 0
181626 Q0 71076 4 0.0 0
181626 Q0 2183333 5 0.0 0
181626 Q0 71077 6 0.0 0
181626 Q0 4798089 7 0.0 0
181626 Q0 2183331 8 0.0 0
181626 Q0 71074 9 0.0 0
181626 Q0 4978240 10 0.0 0
197312 Q0 6584154 1 0.0 0
197312 Q0 3409142 2 0.0 0
197312 Q0 1133476 3 0.0 0
197312 Q0 2317108 4 0.0 0
197312 Q0 7059815 5 0.0 0
197312 Q0 8643402 6 0.0 0
197312 Q0 2317106 7 0.0 0
197312 Q0 5823013 8 0.0 0
197312 Q0 6956480 9 0.0 0
197312 Q0 4682469 10 0.0 0
206106 Q0 6479522 1 0.0 0
206106 Q0 371522 2 0.0 0
206106 Q0 8389982 3 0.0 0
206106 Q0 3217608 4 0.0 0
206106 Q0 75399 5 0.0 0
206106 Q0 2947646 6 0.0 0
206106 Q0 3217612 7 0.0 0
206106 Q0 7394158 8 0.0 0
206106 Q0 6651624 9 0.0 0
206106 Q0 5093732 10 0.0 0
227873 Q0 8453473 1 0.0 0
227873 Q0 2054488 2 0.0 0
227873 Q0 7276798 3 0.0 0
227873 Q0 3250369 4 0.0 0
227873 Q0 7276796 5 0.0 0
227873 Q0 7276792 6 0.0 0
227873 Q0 1900788 7 0.0 0
227873 Q0 3324178 8 0.0 0
227873 Q0 7019128 9 0.0 0
227873 Q0 6442858 10 0.0 0
23849 Q0 2647769 1 0.0 0
23849 Q0 8010561 2 0.0 0
23849 Q0 2674124 3 0.0 0
23849 Q0 2039331 4 0.0 0
23849 Q0 4348282 5 0.0 0
23849 Q0 3181500 6 0.0 0
23849 Q0 8246990 7 0.0 0
23849 Q0 4438766 8 0.0 0
23849 Q0 4834498 9 0.0 0
23849 Q0 7814102 10 0.0 0
240158 Q0 2819781 1 0.0 0
240158 Q0 6497833 2 0.0 0
240158 Q0 1526408 3 0.0 0
240158 Q0 6239283 4 0.0 0
240158 Q0 2819779 5 0.0 0
240158 Q0 991184 6 0.0 0
240158 Q0 4874198 7 0.0 0
240158 Q0 8420497 8 0.0 0
240158 Q0 6536692 9 0.0 0
240158 Q0 8317390 10 0.0 0
245052 Q0 6009215 1 0.0 0
245052 Q0 130249 2 0.0 0
245052 Q0 8686306 3 0.0 0
245052 Q0 4578759 4 0.0 0
245052 Q0 6515855 5 0.0 0
245052 Q0 8532493 6 0.0 0
245052 Q0 4303815 7 0.0 0
245052 Q0 8686308 8 0.0 0
245052 Q0 1595915 9 0.0 0
245052 Q0 8261652 10 0.0 0
246883 Q0 4959448 1 0.0 0
246883 Q0 2584003 2 0.0 0
246883 Q0 8193537 3 0.0 0
246883 Q0 58381 4 0.0 0
246883 Q0 5050393 5 0.0 0
246883 Q0 6083923 6 0.0 0
246883 Q0 6893142 7 0.0 0
246883 Q0 5101622 8 0.0 0
246883 Q0 3050794 9 0.0 0
246883 Q0 2810703 10 0.0 0
253749 Q0 8254894 1 0.0 0
253749 Q0 7865691 2 0.0 0
253749 Q0 2544493 3 0.0 0
253749 Q0 1369632 4 0.0 0
253749 Q0 7577901 5 0.0 0
253749 Q0 3275717 6 0.0 0
253749 Q0 2544489 7 0.0 0
253749 Q0 2348883 8 0.0 0
253749 Q0 3103402 9 0.0 0
253749 Q0 7833735 10 0.0 0
256942 Q0 5684206 1 0.0 0
256942 Q0 8492839 2 0.0 0
256942 Q0 8254535 3 0.0 0
256942 Q0 3042663 4 0.0 0
256942 Q0 3986959 5 0.0 0
256942 Q0 8426888 6 0.0 0
256942 Q0 4010313 7 0.0 0
256942 Q0 6987882 8 0.0 0
256942 Q0 7774582 9 0.0 0
256942 Q0 7367020 10 0.0 0
257119 Q0 8499023 1 0.0 0
257119 Q0 268594 2 0.0 0
257119 Q0 5829070 3 0.0 0
257119 Q0 6904254 4 0.0 0
257119 Q0 4493701 5 0.0 0
257119 Q0 8564764 6 0.0 0
257119 Q0 1717589 7 0.0 0
257119 Q0 459967 8 0.0 0
257119 Q0 5459975 9 0.0 0
257119 Q0 4493696 10 0.0 0
258062 Q0 3984587 1 0.0 0
258062 Q0 2707010 2 0.0 0
258062 Q0 5598944 3 0.0 0
258062 Q0 7002124 4 0.0 0
258062 Q0 8242299 5 0.0 0
258062 Q0 5134732 6 0.0 0
258062 Q0 5884100 7 0.0 0
258062 Q0 4159140 8 0.0 0
258062 Q0 2009235 9 0.0 0
258062 Q0 91493 10 0.0 0
26703 Q0 5091636 1 0.0 0
26703 Q0 660391 2 0.0 0
26703 Q0 3546421 3 0.0 0
26703 Q0 2530845 4 0.0 0
26703 Q0 7450650 5 0.0 0
26703 Q0 4893511 6 0.0 0
26703 Q0 3921274 7 0.0 0
26703 Q0 2993714 8 0.0 0
26703 Q0 8400720 9 0.0 0
26703 Q0 5091637 10 0.0 0
273695 Q0 8282608 1 0.0 0
273695 Q0 6441794 2 0.0 0
273695 Q0 1183700 3 0.0 0
273695 Q0 7381998 4 0.0 0
273695 Q0 6645930 5 0.0 0
273695 Q0 6645928 6 0.0 0
273695 Q0 4171983 7 0.0 0
273695 Q0 7381994 8 0.0 0
273695 Q0 6645932 9 0.0 0
273695 Q0 6645925 10 0.0 0
302846 Q0 8418433 1 0.0 0
302846 Q0 8418435 2 0.0 0
302846 Q0 8418437 3 0.0 0
302846 Q0 8283558 4 0.0 0
302846 Q0 8615169 5 0.0 0
302846 Q0 4137345 6 0.0 0
302846 Q0 7340062 7 0.0 0
302846 Q0 8615170 8 0.0 0
302846 Q0 5589431 9 0.0 0
302846 Q0 4936242 10 0.0 0
318362 Q0 519117 1 0.0 0
318362 Q0 519111 2 0.0 0
318362 Q0 519113 3 0.0 0
318362 Q0 6151553 4 0.0 0
318362 Q0 5943655 5 0.0 0
318362 Q0 6151558 6 0.0 0
318362 Q0 8800029 7 0.0 0
318362 Q0 2651910 8 0.0 0
318362 Q0 1043548 9 0.0 0
318362 Q0 3145979 10 0.0 0
324585 Q0 7941125 1 0.0 0
324585 Q0 1051441 2 0.0 0
324585 Q0 6480421 3 0.0 0
324585 Q0 405282 4 0.0 0
324585 Q0 3608325 5 0.0 0
324585 Q0 6480420 6 0.0 0
324585 Q0 8290310 7 0.0 0
324585 Q0 7884832 8 0.0 0
324585 Q0 7884825 9 0.0 0
324585 Q0 3957438 10 0.0 0
330501 Q0 7354312 1 0.0 0
330501 Q0 4397700 2 0.0 0
330501 Q0 452513 3 0.0 0
330501 Q0 2841868 4 0.0 0
330501 Q0 2113064 5 0.0 0
330501 Q0 7354318 6 0.0 0
330501 Q0 8808568 7 0.0 0
330501 Q0 3659102 8 0.0 0
330501 Q0 1334459 9 0.0 0
330501 Q0 2698093 10 0.0 0
330975 Q0 3297860 1 0.0 0
330975 Q0 233945 2 0.0 0
330975 Q0 233946 3 0.0 0
330975 Q0 233948 4 0.0 0
330975 Q0 233944 5 0.0 0
330975 Q0 3683062 6 0.0 0
330975 Q0 4392141 7 0.0 0
330975 Q0 1097858 8 0.0 0
330975 Q0 3240106 9 0.0 0
330975 Q0 7871129 10 0.0 0
332593 Q0 8434873 1 0.0 0
332593 Q0 7073995 2 0.0 0
332593 Q0 5241323 3 0.0 0
332593 Q0 1650687 4 0.0 0
332593 Q0 4431502 5 0.0 0
332593 Q0 1167184 6 0.0 0
332593 Q0 7073996 7 0.0 0
332593 Q0 5241322 8 0.0 0
332593 Q0 8434869 9 0.0 0
332593 Q0 8434872 10 0.0 0
336901 Q0 8130980 1 0.0 0
336901 Q0 8528677 2 0.0 0
336901 Q0 6096614 3 0.0 0
336901 Q0 8528680 4 0.0 0
336901 Q0 7836261 5 0.0 0
336901 Q0 2909600 6 0.0 0
336901 Q0 8528679 7 0.0 0
336901 Q0 8528674 8 0.0 0
336901 Q0 3386083 9 0.0 0
336901 Q0 8528681 10 0.0 0
3505 Q0 1030851 1 0.0 0
3505 Q0 1076196 2 0.0 0
3505 Q0 5155932 3 0.0 0
3505 Q0 3859340 4 0.0 0
3505 Q0 226088 5 0.0 0
3505 Q0 2631212 6 0.0 0
3505 Q0 3998754 7 0.0 0
3505 Q0 429326 8 0.0 0
3505 Q0 632608 9 0.0 0
3505 Q0 7879523 10 0.0 0
360721 Q0 3666467 1 0.0 0
360721 Q0 3299034 2 0.0 0
360721 Q0 101665 3 0.0 0
360721 Q0 1463489 4 0.0 0
360721 Q0 5751607 5 0.0 0
360721 Q0 3624053 6 0.0 0
360721 Q0 5565412 7 0.0 0
360721 Q0 4595525 8 0.0 0
360721 Q0 1463486 9 0.0 0
360721 Q0 3624057 10 0.0 0
384356 Q0 3498781 1 0.0 0
384356 Q0 16184 2 0.0 0
384356 Q0 3599159 3 0.0 0
384356 Q0 4601956 4 0.0 0
384356 Q0 3599158 5 0.0 0
384356 Q0 5070860 6 0.0 0
384356 Q0 4364622 7 0.0 0
384356 Q0 6991544 8 0.0 0
384356 Q0 4601958 9 0.0 0
384356 Q0 7689704 10 0.0 0
390360 Q0 8630614 1 0.0 0
390360 Q0 604111 2 0.0 0
390360 Q0 8630611 3 0.0 0
390360 Q0 324994 4 0.0 0
390360 Q0 2203875 5 0.0 0
390360 Q0 2203877 6 0.0 0
390360 Q0 324991 7 0.0 0
390360 Q0 1469393 8 0.0 0
390360 Q0 2094425 9 0.0 0
390360 Q0 1106026 10 0.0 0
405163 Q0 7622492 1 0.0 0
405163 Q0 978353 2 0.0 0
405163 Q0 6945009 3 0.0 0
405163 Q0 429247 4 0.0 0
405163 Q0 429246 5 0.0 0
405163 Q0 429245 6 0.0 0
405163 Q0 1352548 7 0.0 0
405163 Q0 2748170 8 0.0 0
405163 Q0 1518539 9 0.0 0
405163 Q0 851536 10 0.0 0
42255 Q0 8746197 1 0.0 0
42255 Q0 8746189 2 0.0 0
42255 Q0 8746188 3 0.0 0
42255 Q0 7123389 4 0.0 0
42255 Q0 8746190 5 0.0 0
42255 Q0 6030147 6 0.0 0
42255 Q0 6159644 7 0.0 0
42255 Q0 5488089 8 0.0 0
42255 Q0 5550457 9 0.0 0
42255 Q0 8372967 10 0.0 0
425632 Q0 8454642 1 0.0 0
425632 Q0 8454636 2 0.0 0
425632 Q0 8454639 3 0.0 0
425632 Q0 8454641 4 0.0 0
425632 Q0 8454635 5 0.0 0
425632 Q0 650345 6 0.0 0
425632 Q0 8454643 7 0.0 0
425632 Q0 8454644 8 0.0 0
425632 Q0 8292459 9 0.0 0
425632 Q0 8454640 10 0.0 0
426175 Q0 3870458 1 0.0 0
426175 Q0 3355368 2 0.0 0
426175 Q0 5030738 3 0.0 0
426175 Q0 6758532 4 0.0 0
426175 Q0 330964 5 0.0 0
426175 Q0 4362255 6 0.0 0
426175 Q0 8096847 7 0.0 0
426175 Q0 6049564 8 0.0 0
426175 Q0 6209130 9 0.0 0
426175 Q0 3751377 10 0.0 0
42752 Q0 6968500 1 0.0 0
42752 Q0 5348083 2 0.0 0
42752 Q0 2996352 3 0.0 0
42752 Q0 1834673 4 0.0 0
42752 Q0 1679775 5 0.0 0
42752 Q0 3997938 6 0.0 0
42752 Q0 5670617 7 0.0 0
42752 Q0 3921702 8 0.0 0
42752 Q0 5432127 9 0.0 0
42752 Q0 1986201 10 0.0 0
435548 Q0 7875421 1 0.0 0
435548 Q0 7875428 2 0.0 0
435548 Q0 7875424 3 0.0 0
435548 Q0 6424374 4 0.0 0
435548 Q0 8547993 5 0.0 0
435548 Q0 7875423 6 0.0 0
435548 Q0 7940128 7 0.0 0
435548 Q0 4581607 8 0.0 0
435548 Q0 1394884 9 0.0 0
435548 Q0 847311 10 0.0 0
436707 Q0 2969319 1 0.0 0
436707 Q0 2746058 2 0.0 0
436707 Q0 705732 3 0.0 0
436707 Q0 3370495 4 0.0 0
436707 Q0 8200621 5 0.0 0
436707 Q0 705734 6 0.0 0
436707 Q0 8698599 7 0.0 0
436707 Q0 3970245 8 0.0 0
436707 Q0 3978104 9 0.0 0
436707 Q0 8641218 10 0.0 0
444389 Q0 8495210 1 0.0 0
444389 Q0 5896071 2 0.0 0
444389 Q0 6300238 3 0.0 0
444389 Q0 3494683 4 0.0 0
444389 Q0 7182673 5 0.0 0
444389 Q0 7484162 6 0.0 0
444389 Q0 6669156 7 0.0 0
444389 Q0 7306361 8 0.0 0
444389 Q0 4227251 9 0.0 0
444389 Q0 6977122 10 0.0 0
449367 Q0 635517 1 0.0 0
449367 Q0 8432230 2 0.0 0
449367 Q0 1998108 3 0.0 0
449367 Q0 8729705 4 0.0 0
449367 Q0 5717147 5 0.0 0
449367 Q0 5065557 6 0.0 0
449367 Q0 2596719 7 0.0 0
449367 Q0 360306 8 0.0 0
449367 Q0 8309547 9 0.0 0
449367 Q0 8520763 10 0.0 0
452915 Q0 3779965 1 0.0 0
452915 Q0 2535777 2 0.0 0
452915 Q0 8366600 3 0.0 0
452915 Q0 8366599 4 0.0 0
452915 Q0 135840 5 0.0 0
452915 Q0 8366603 6 0.0 0
452915 Q0 6836108 7 0.0 0
452915 Q0 494703 8 0.0 0
452915 Q0 6836110 9 0.0 0
452915 Q0 1565724 10 0.0 0
463271 Q0 8604216 1 0.0 0
463271 Q0 3914186 2 0.0 0
463271 Q0 8326637 3 0.0 0
463271 Q0 8326635 4 0.0 0
463271 Q0 3914192 5 0.0 0
463271 Q0 8604218 6 0.0 0
463271 Q0 3914189 7 0.0 0
463271 Q0 6239584 8 0.0 0
463271 Q0 6239587 9 0.0 0
463271 Q0 8435508 10 0.0 0
469589 Q0 2210168 1 0.0 0
469589 Q0 8581474 2 0.0 0
469589 Q0 2210175 3 0.0 0
469589 Q0 4871853 4 0.0 0
469589 Q0 8581468 5 0.0 0
469589 Q0 8581475 6 0.0 0
469589 Q0 8581473 7 0.0 0
469589 Q0 8581470 8 0.0 0
469589 Q0 2210172 9 0.0 0
469589 Q0 4426300 10 0.0 0
47210 Q0 2338385 1 0.0 0
47210 Q0 2546005 2 0.0 0
47210 Q0 6180504 3 0.0 0
47210 Q0 2546001 4 0.0 0
47210 Q0 2545998 5 0.0 0
47210 Q0 2042918 6 0.0 0
47210 Q0 7562282 7 0.0 0
47210 Q0 2546002 8 0.0 0
47210 Q0 6180507 9 0.0 0
47210 Q0 1880184 10 0.0 0
482726 Q0 8730812 1 0.0 0
482726 Q0 8572751 2 0.0 0
482726 Q0 479766 3 0.0 0
482726 Q0 1985711 4 0.0 0
482726 Q0 906451 5 0.0 0
482726 Q0 6064518 6 0.0 0
482726 Q0 634655 7 0.0 0
482726 Q0 4768911 8 0.0 0
482726 Q0 1154554 9 0.0 0
482726 Q0 5672719 10 0.0 0
48792 Q0 64041 1 0.0 0
48792 Q0 64047 2 0.0 0
48792 Q0 64048 3 0.0 0
48792 Q0 3948509 4 0.0 0
48792 Q0 962313 5 0.0 0
48792 Q0 3820082 6 0.0 0
48792 Q0 962310 7 0.0 0
48792 Q0 962312 8 0.0 0
48792 Q0 2662602 9 0.0 0
48792 Q0 6435732 10 0.0 0
50122 Q0 8273511 1 0.0 0
50122 Q0 8273517 2 0.0 0
50122 Q0 1417366 3 0.0 0
50122 Q0 8273514 4 0.0 0
50122 Q0 8273519 5 0.0 0
50122 Q0 1067412 6 0.0 0
50122 Q0 344807 7 0.0 0
50122 Q0 8337928 8 0.0 0
50122 Q0 5999140 9 0.0 0
50122 Q0 5198016 10 0.0 0
514096 Q0 6285508 1 0.0 0
514096 Q0 4786295 2 0.0 0
514096 Q0 4241409 3 0.0 0
514096 Q0 8463474 4 0.0 0
514096 Q0 7446308 5 0.0 0
514096 Q0 6470183 6 0.0 0
514096 Q0 1837337 7 0.0 0
514096 Q0 2396755 8 0.0 0
514096 Q0 1903041 9 0.0 0
514096 Q0 4786292 10 0.0 0
519025 Q0 288148 1 0.0 0
519025 Q0 7992243 2 0.0 0
519025 Q0 7990488 3 0.0 0
519025 Q0 6744899 4 0.0 0
519025 Q0 6125050 5 0.0 0
519025 Q0 2692126 6 0.0 0
519025 Q0 4232478 7 0.0 0
519025 Q0 788197 8 0.0 0
519025 Q0 288145 9 0.0 0
519025 Q0 126260 10 0.0 0
53233 Q0 8257054 1 0.0 0
53233 Q0 8333467 2 0.0 0
53233 Q0 8333463 3 0.0 0
53233 Q0 8333470 4 0.0 0
53233 Q0 7355044 5 0.0 0
53233 Q0 341768 6 0.0 0
53233 Q0 5516316 7 0.0 0
53233 Q0 8257048 8 0.0 0
53233 Q0 5256809 9 0.0 0
53233 Q0 6692107 10 0.0 0
537060 Q0 8420027 1 0.0 0
537060 Q0 8420032 2 0.0 0
537060 Q0 8420025 3 0.0 0
537060 Q0 8420026 4 0.0 0
537060 Q0 1086305 5 0.0 0
537060 Q0 8420024 6 0.0 0
537060 Q0 8420028 7 0.0 0
537060 Q0 8420030 8 0.0 0
537060 Q0 8420031 9 0.0 0
537060 Q0 8420029 10 0.0 0
537817 Q0 6665870 1 0.0 0
537817 Q0 6144729 2 0.0 0
537817 Q0 540369 3 0.0 0
537817 Q0 5356182 4 0.0 0
537817 Q0 5453819 5 0.0 0
537817 Q0 7012783 6 0.0 0
537817 Q0 6600574 7 0.0 0
537817 Q0 6665874 8 0.0 0
537817 Q0 1095538 9 0.0 0
537817 Q0 5187034 10 0.0 0
543273 Q0 8507214 1 0.0 0
543273 Q0 8507211 2 0.0 0
543273 Q0 8507208 3 0.0 0
543273 Q0 8507209 4 0.0 0
543273 Q0 8507212 5 0.0 0
543273 Q0 4312788 6 0.0 0
543273 Q0 5990522 7 0.0 0
543273 Q0 5990521 8 0.0 0
543273 Q0 4308075 9 0.0 0
543273 Q0 3143114 10 0.0 0
545355 Q0 4290924 1 0.0 0
545355 Q0 8547219 2 0.0 0
545355 Q0 4290920 3 0.0 0
545355 Q0 4290921 4 0.0 0
545355 Q0 8547218 5 0.0 0
545355 Q0 8547215 6 0.0 0
545355 Q0 4290922 7 0.0 0
545355 Q0 3294315 8 0.0 0
545355 Q0 8547221 9 0.0 0
545355 Q0 4290923 10 0.0 0
555530 Q0 971429 1 0.0 0
555530 Q0 7474908 2 0.0 0
555530 Q0 91705 3 0.0 0
555530 Q0 561172 4 0.0 0
555530 Q0 8593830 5 0.0 0
555530 Q0 2325350 6 0.0 0
555530 Q0 7475084 7 0.0 0
555530 Q0 6281212 8 0.0 0
555530 Q0 1754577 9 0.0 0
555530 Q0 5832513 10 0.0 0
583468 Q0 1675568 1 0.0 0
583468 Q0 2080313 2 0.0 0
583468 Q0 914664 3 0.0 0
583468 Q0 8326078 4 0.0 0
583468 Q0 2080306 5 0.0 0
583468 Q0 7706121 6 0.0 0
583468 Q0 5623834 7 0.0 0
583468 Q0 3466605 8 0.0 0
583468 Q0 7491702 9 0.0 0
583468 Q0 8144446 10 0.0 0
586148 Q0 996784 1 0.0 0
586148 Q0 6640843 2 0.0 0
586148 Q0 3596206 3 0.0 0
586148 Q0 6640841 4 0.0 0
586148 Q0 6854039 5 0.0 0
586148 Q0 7384544 6 0.0 0
586148 Q0 1245263 7 0.0 0
586148 Q0 1225603 8 0.0 0
586148 Q0 996777 9 0.0 0
586148 Q0 881657 10 0.0 0
590019 Q0 4408763 1 0.0 0
590019 Q0 8369826 2 0.0 0
590019 Q0 2831848 3 0.0 0
590019 Q0 3265161 4 0.0 0
590019 Q0 7524046 5 0.0 0
590019 Q0 2831847 6 0.0 0
590019 Q0 7492579 7 0.0 0
590019 Q0 5779533 8 0.0 0
590019 Q0 6489636 9 0.0 0
590019 Q0 4535840 10 0.0 0
605127 Q0 1137979 1 0.0 0
605127 Q0 8642036 2 0.0 0
605127 Q0 5121398 3 0.0 0
605127 Q0 1137978 4 0.0 0
605127 Q0 8594907 5 0.0 0
605127 Q0 8642038 6 0.0 0
605127 Q0 8547782 7 0.0 0
605127 Q0 1137982 8 0.0 0
605127 Q0 1137974 9 0.0 0
605127 Q0 8642039 10 0.0 0
610265 Q0 875339 1 0.0 0
610265 Q0 5883896 2 0.0 0
610265 Q0 721903 3 0.0 0
610265 Q0 46173 4 0.0 0
610265 Q0 5913894 5 0.0 0
610265 Q0 8061861 6 0.0 0
610265 Q0 1030291 7 0.0 0
610265 Q0 474853 8 0.0 0
610265 Q0 4769565 9 0.0 0
610265 Q0 5199787 10 0.0 0
611953 Q0 7197690 1 0.0 0
611953 Q0 484756 2 0.0 0
611953 Q0 8371935 3 0.0 0
611953 Q0 484758 4 0.0 0
611953 Q0 456354 5 0.0 0
611953 Q0 8371932 6 0.0 0
611953 Q0 7197692 7 0.0 0
611953 Q0 456359 8 0.0 0
611953 Q0 456353 9 0.0 0
611953 Q0 3562872 10 0.0 0
640502 Q0 7160370 1 0.0 0
640502 Q0 2316210 2 0.0 0
640502 Q0 4982341 3 0.0 0
640502 Q0 1804511 4 0.0 0
640502 Q0 708327 5 0.0 0
640502 Q0 3931770 6 0.0 0
640502 Q0 325899 7 0.0 0
640502 Q0 3931771 8 0.0 0
640502 Q0 390170 9 0.0 0
640502 Q0 8003526 10 0.0 0
64647 Q0 8293648 1 0.0 0
64647 Q0 1054522 2 0.0 0
64647 Q0 4114762 3 0.0 0
64647 Q0 2620902 4 0.0 0
64647 Q0 7509913 5 0.0 0
64647 Q0 8599633 6 0.0 0
64647 Q0 3950710 7 0.0 0
64647 Q0 2220646 8 0.0 0
64647 Q0 2220648 9 0.0 0
64647 Q0 5732760 10 0.0 0
653399 Q0 1969533 1 0.0 0
653399 Q0 506551 2 0.0 0
653399 Q0 7211595 3 0.0 0
653399 Q0 1186685 4 0.0 0
653399 Q0 8456694 5 0.0 0
653399 Q0 7812739 6 0.0 0
653399 Q0 4767635 7 0.0 0
653399 Q0 4767629 8 0.0 0
653399 Q0 5929330 9 0.0 0
653399 Q0 3806465 10 0.0 0
655526 Q0 6040076 1 0.0 0
655526 Q0 206999 2 0.0 0
655526 Q0 8425101 3 0.0 0
655526 Q0 6707899 4 0.0 0
655526 Q0 1826238 5 0.0 0
655526 Q0 7135528 6 0.0 0
655526 Q0 2337274 7 0.0 0
655526 Q0 3021665 8 0.0 0
655526 Q0 207001 9 0.0 0
655526 Q0 3864910 10 0.0 0
655914 Q0 8613490 1 0.0 0
655914 Q0 1270195 2 0.0 0
655914 Q0 6484145 3 0.0 0
655914 Q0 8310294 4 0.0 0
655914 Q0 8833433 5 0.0 0
655914 Q0 3922031 6 0.0 0
655914 Q0 2151964 7 0.0 0
655914 Q0 8833434 8 0.0 0
655914 Q0 6484146 9 0.0 0
655914 Q0 8833435 10 0.0 0
660198 Q0 724572 1 0.0 0
660198 Q0 724579 2 0.0 0
660198 Q0 1149909 3 0.0 0
660198 Q0 2845619 4 0.0 0
660198 Q0 8554586 5 0.0 0
660198 Q0 8554587 6 0.0 0
660198 Q0 3556731 7 0.0 0
660198 Q0 830692 8 0.0 0
660198 Q0 523897 9 0.0 0
660198 Q0 6469927 10 0.0 0
67316 Q0 6680964 1 0.0 0
67316 Q0 6925995 2 0.0 0
67316 Q0 5695904 3 0.0 0
67316 Q0 2268657 4 0.0 0
67316 Q0 1974375 5 0.0 0
67316 Q0 8333879 6 0.0 0
67316 Q0 3519736 7 0.0 0
67316 Q0 4163705 8 0.0 0
67316 Q0 947931 9 0.0 0
67316 Q0 8470719 10 0.0 0
673670 Q0 7257303 1 0.0 0
673670 Q0 2240359 2 0.0 0
673670 Q0 1398756 3 0.0 0
673670 Q0 7257297 4 0.0 0
673670 Q0 3607497 5 0.0 0
673670 Q0 3607501 6 0.0 0
673670 Q0 8837075 7 0.0 0
673670 Q0 8837074 8 0.0 0
673670 Q0 2240358 9 0.0 0
673670 Q0 2240355 10 0.0 0
701453 Q0 4330679 1 0.0 0
701453 Q0 4355647 2 0.0 0
701453 Q0 688614 3 0.0 0
701453 Q0 4355649 4 0.0 0
701453 Q0 4330677 5 0.0 0
701453 Q0 688615 6 0.0 0
701453 Q0 8626149 7 0.0 0
701453 Q0 688613 8 0.0 0
701453 Q0 688618 9 0.0 0
701453 Q0 6999087 10 0.0 0
703782 Q0 4061595 1 0.0 0
703782 Q0 4061598 2 0.0 0
703782 Q0 8124558 3 0.0 0
703782 Q0 185599 4 0.0 0
703782 Q0 3740779 5 0.0 0
703782 Q0 4948640 6 0.0 0
703782 Q0 8124561 7 0.0 0
703782 Q0 8476024 8 0.0 0
703782 Q0 1946449 9 0.0 0
703782 Q0 2937592 10 0.0 0
708979 Q0 7311446 1 0.0 0
708979 Q0 7810079 2 0.0 0
708979 Q0 7329669 3 0.0 0
708979 Q0 3811551 4 0.0 0
708979 Q0 6157147 5 0.0 0
708979 Q0 337743 6 0.0 0
708979 Q0 7495691 7 0.0 0
708979 Q0 1350169 8 0.0 0
708979 Q0 5499482 9 0.0 0
708979 Q0 1435403 10 0.0 0
716113 Q0 8520612 1 0.0 0
716113 Q0 8520611 2 0.0 0
716113 Q0 8520617 3 0.0 0
716113 Q0 8520614 4 0.0 0
716113 Q0 8520613 5 0.0 0
716113 Q0 8520618 6 0.0 0
716113 Q0 8520610 7 0.0 0
716113 Q0 8520616 8 0.0 0
730539 Q0 8276218 1 0.0 0
730539 Q0 2666444 2 0.0 0
730539 Q0 8577877 3 0.0 0
730539 Q0 8577876 4 0.0 0
730539 Q0 5428552 5 0.0 0
730539 Q0 2666436 6 0.0 0
730539 Q0 8276217 7 0.0 0
730539 Q0 7916064 8 0.0 0
730539 Q0 8413914 9 0.0 0
730539 Q0 7129068 10 0.0 0
735482 Q0 4823368 1 0.0 0
735482 Q0 8405807 2 0.0 0
735482 Q0 8405801 3 0.0 0
735482 Q0 8405802 4 0.0 0
735482 Q0 4117288 5 0.0 0
735482 Q0 338960 6 0.0 0
735482 Q0 8405806 7 0.0 0
735482 Q0 4551780 8 0.0 0
735482 Q0 8405803 9 0.0 0
735482 Q0 8405804 10 0.0 0
735922 Q0 8626892 1 0.0 0
735922 Q0 8626890 2 0.0 0
735922 Q0 7307868 3 0.0 0
735922 Q0 1428024 4 0.0 0
735922 Q0 2889948 5 0.0 0
735922 Q0 4260307 6 0.0 0
735922 Q0 7307863 7 0.0 0
735922 Q0 8734275 8 0.0 0
735922 Q0 2766953 9 0.0 0
735922 Q0 7307871 10 0.0 0
75198 Q0 7088445 1 0.0 0
75198 Q0 8256960 2 0.0 0
75198 Q0 2579716 3 0.0 0
75198 Q0 2932859 4 0.0 0
75198 Q0 7088442 5 0.0 0
75198 Q0 7797928 6 0.0 0
75198 Q0 5618834 7 0.0 0
75198 Q0 2140522 8 0.0 0
75198 Q0 1845798 9 0.0 0
75198 Q0 6515302 10 0.0 0
768208 Q0 52162 1 0.0 0
768208 Q0 52155 2 0.0 0
768208 Q0 52159 3 0.0 0
768208 Q0 52158 4 0.0 0
768208 Q0 8525681 5 0.0 0
768208 Q0 52157 6 0.0 0
768208 Q0 3515882 7 0.0 0
768208 Q0 3515884 8 0.0 0
768208 Q0 52160 9 0.0 0
768208 Q0 813102 10 0.0 0
779302 Q0 8768554 1 0.0 0
779302 Q0 1583173 2 0.0 0
779302 Q0 8768558 3 0.0 0
779302 Q0 8768561 4 0.0 0
779302 Q0 8768562 5 0.0 0
779302 Q0 4638386 6 0.0 0
779302 Q0 8768563 7 0.0 0
779302 Q0 7652040 8 0.0 0
779302 Q0 8768560 9 0.0 0
779302 Q0 8768555 10 0.0 0
792635 Q0 6306494 1 0.0 0
792635 Q0 8682258 2 0.0 0
792635 Q0 8682259 3 0.0 0
792635 Q0 4294318 4 0.0 0
792635 Q0 4294311 5 0.0 0
792635 Q0 4294317 6 0.0 0
792635 Q0 8682254 7 0.0 0
792635 Q0 8682263 8 0.0 0
792635 Q0 4294312 9 0.0 0
792635 Q0 6306491 10 0.0 0
794223 Q0 7790213 1 0.0 0
794223 Q0 2519053 2 0.0 0
794223 Q0 8445687 3 0.0 0
794223 Q0 471681 4 0.0 0
794223 Q0 6952875 5 0.0 0
794223 Q0 6743963 6 0.0 0
794223 Q0 1423167 7 0.0 0
794223 Q0 7933718 8 0.0 0
794223 Q0 798302 9 0.0 0
794223 Q0 6532403 10 0.0 0
794429 Q0 1208449 1 0.0 0
794429 Q0 64014 2 0.0 0
794429 Q0 1246185 3 0.0 0
794429 Q0 4627633 4 0.0 0
794429 Q0 3926405 5 0.0 0
794429 Q0 1208450 6 0.0 0
794429 Q0 1972630 7 0.0 0
794429 Q0 2505633 8 0.0 0
794429 Q0 1219789 9 0.0 0
794429 Q0 1208445 10 0.0 0
801118 Q0 7193419 1 0.0 0
801118 Q0 8133253 2 0.0 0
801118 Q0 1930313 3 0.0 0
801118 Q0 7193415 4 0.0 0
801118 Q0 1930312 5 0.0 0
801118 Q0 1930306 6 0.0 0
801118 Q0 70425 7 0.0 0
801118 Q0 1957414 8 0.0 0
801118 Q0 4304866 9 0.0 0
801118 Q0 1026191 10 0.0 0
804066 Q0 6152070 1 0.0 0
804066 Q0 5655169 2 0.0 0
804066 Q0 73387 3 0.0 0
804066 Q0 6808142 4 0.0 0
804066 Q0 7258301 5 0.0 0
804066 Q0 1504069 6 0.0 0
804066 Q0 3271029 7 0.0 0
804066 Q0 8644942 8 0.0 0
804066 Q0 73385 9 0.0 0
804066 Q0 73381 10 0.0 0
808400 Q0 5632806 1 0.0 0
808400 Q0 2661718 2 0.0 0
808400 Q0 8452445 3 0.0 0
808400 Q0 3513547 4 0.0 0
808400 Q0 5632799 5 0.0 0
808400 Q0 3513545 6 0.0 0
808400 Q0 8225891 7 0.0 0
808400 Q0 5632802 8 0.0 0
808400 Q0 541108 9 0.0 0
808400 Q0 117914 10 0.0 0
809525 Q0 1428575 1 0.0 0
809525 Q0 1428574 2 0.0 0
809525 Q0 3793929 3 0.0 0
809525 Q0 1428570 4 0.0 0
809525 Q0 3793922 5 0.0 0
809525 Q0 2077416 6 0.0 0
809525 Q0 6423527 7 0.0 0
809525 Q0 1428573 8 0.0 0
809525 Q0 771534 9 0.0 0
809525 Q0 6346521 10 0.0 0
814183 Q0 8679359 1 0.0 0
814183 Q0 510865 2 0.0 0
814183 Q0 510863 3 0.0 0
814183 Q0 510861 4 0.0 0
814183 Q0 8679357 5 0.0 0
814183 Q0 8444060 6 0.0 0
814183 Q0 878335 7 0.0 0
814183 Q0 7274881 8 0.0 0
814183 Q0 4556674 9 0.0 0
814183 Q0 8353938 10 0.0 0
819983 Q0 8312879 1 0.0 0
819983 Q0 8718419 2 0.0 0
819983 Q0 7786930 3 0.0 0
819983 Q0 8702984 4 0.0 0
819983 Q0 4639724 5 0.0 0
819983 Q0 3965278 6 0.0 0
819983 Q0 8718423 7 0.0 0
819983 Q0 8145644 8 0.0 0
819983 Q0 1617043 9 0.0 0
819983 Q0 6988398 10 0.0 0
849550 Q0 8582103 1 0.0 0
849550 Q0 8582102 2 0.0 0
849550 Q0 5690724 3 0.0 0
849550 Q0 488856 4 0.0 0
849550 Q0 1373164 5 0.0 0
849550 Q0 3993919 6 0.0 0
849550 Q0 7274031 7 0.0 0
849550 Q0 6678940 8 0.0 0
849550 Q0 1280212 9 0.0 0
849550 Q0 6758594 10 0.0 0
85020 Q0 198476 1 0.0 0
85020 Q0 3152840 2 0.0 0
85020 Q0 3189768 3 0.0 0
85020 Q0 6103683 4 0.0 0
85020 Q0 1325203 5 0.0 0
85020 Q0 7753014 6 0.0 0
85020 Q0 8313399 7 0.0 0
85020 Q0 5779274 8 0.0 0
85020 Q0 7131186 9 0.0 0
85020 Q0 6103689 10 0.0 0
850358 Q0 6427506 1 0.0 0
850358 Q0 2852825 2 0.0 0
850358 Q0 2852824 3 0.0 0
850358 Q0 2852827 4 0.0 0
850358 Q0 8037013 5 0.0 0
850358 Q0 2852830 6 0.0 0
850358 Q0 2883329 7 0.0 0
850358 Q0 4778750 8 0.0 0
850358 Q0 6506128 9 0.0 0
850358 Q0 6427505 10 0.0 0
86606 Q0 6905975 1 0.0 0
86606 Q0 791093 2 0.0 0
86606 Q0 842109 3 0.0 0
86606 Q0 6905978 4 0.0 0
86606 Q0 3233107 5 0.0 0
86606 Q0 100643 6 0.0 0
86606 Q0 6592284 7 0.0 0
86606 Q0 6332068 8 0.0 0
86606 Q0 518656 9 0.0 0
86606 Q0 305738 10 0.0 0
877809 Q0 825224 1 0.0 0
877809 Q0 3248714 2 0.0 0
877809 Q0 379134 3 0.0 0
877809 Q0 6680909 4 0.0 0
877809 Q0 7380100 5 0.0 0
877809 Q0 4888926 6 0.0 0
877809 Q0 35107 7 0.0 0
877809 Q0 35109 8 0.0 0
877809 Q0 5758393 9 0.0 0
877809 Q0 1550610 10 0.0 0
883915 Q0 1845958 1 0.0 0
883915 Q0 4042980 2 0.0 0
883915 Q0 2059144 3 0.0 0
883915 Q0 4395307 4 0.0 0
883915 Q0 1491488 5 0.0 0
883915 Q0 2521361 6 0.0 0
883915 Q0 4857055 7 0.0 0
883915 Q0 73760 8 0.0 0
883915 Q0 4042985 9 0.0 0
883915 Q0 6172403 10 0.0 0
88495 Q0 7088443 1 0.0 0
88495 Q0 8373657 2 0.0 0
88495 Q0 5633006 3 0.0 0
88495 Q0 6587435 4 0.0 0
88495 Q0 244911 5 0.0 0
88495 Q0 2781272 6 0.0 0
88495 Q0 8523691 7 0.0 0
88495 Q0 1627708 8 0.0 0
88495 Q0 6579243 9 0.0 0
88495 Q0 2212483 10 0.0 0
911232 Q0 6928655 1 0.0 0
911232 Q0 8816620 2 0.0 0
911232 Q0 2999933 3 0.0 0
911232 Q0 8816622 4 0.0 0
911232 Q0 2999930 5 0.0 0
911232 Q0 8816626 6 0.0 0
911232 Q0 2999925 7 0.0 0
911232 Q0 1879470 8 0.0 0
911232 Q0 4967296 9 0.0 0
911232 Q0 4967298 10 0.0 0
914916 Q0 5177082 1 0.0 0
914916 Q0 2001626 2 0.0 0
914916 Q0 3253279 3 0.0 0
914916 Q0 8129165 4 0.0 0
914916 Q0 3253278 5 0.0 0
914916 Q0 2001628 6 0.0 0
914916 Q0 8348854 7 0.0 0
914916 Q0 6042348 8 0.0 0
914916 Q0 2631739 9 0.0 0
914916 Q0 8772521 10 0.0 0
91576 Q0 8279891 1 0.0 0
91576 Q0 1306451 2 0.0 0
91576 Q0 3255380 3 0.0 0
91576 Q0 2213591 4 0.0 0
91576 Q0 6483231 5 0.0 0
91576 Q0 1349930 6 0.0 0
91576 Q0 934568 7 0.0 0
91576 Q0 620163 8 0.0 0
91576 Q0 2213595 9 0.0 0
91576 Q0 3245469 10 0.0 0
918162 Q0 672942 1 0.0 0
918162 Q0 267612 2 0.0 0
918162 Q0 2753028 3 0.0 0
918162 Q0 4658366 4 0.0 0
918162 Q0 4056614 5 0.0 0
918162 Q0 4346472 6 0.0 0
918162 Q0 720903 7 0.0 0
918162 Q0 2661361 8 0.0 0
918162 Q0 5084296 9 0.0 0
918162 Q0 409382 10 0.0 0
938400 Q0 3088750 1 0.0 0
938400 Q0 7313619 2 0.0 0
938400 Q0 47286 3 0.0 0
938400 Q0 3088754 4 0.0 0
938400 Q0 6499448 5 0.0 0
938400 Q0 1983233 6 0.0 0
938400 Q0 2962210 7 0.0 0
938400 Q0 47281 8 0.0 0
938400 Q0 7313621 9 0.0 0
938400 Q0 7239121 10 0.0 0
940547 Q0 506003 1 0.0 0
940547 Q0 4491773 2 0.0 0
940547 Q0 8805011 3 0.0 0
940547 Q0 4612145 4 0.0 0
940547 Q0 837714 5 0.0 0
940547 Q0 7951561 6 0.0 0
940547 Q0 964772 7 0.0 0
940547 Q0 964766 8 0.0 0
940547 Q0 2625173 9 0.0 0
940547 Q0 506000 10 0.0 0
945835 Q0 3043583 1 0.0 0
945835 Q0 3969970 2 0.0 0
945835 Q0 6095592 3 0.0 0
945835 Q0 4431193 4 0.0 0
945835 Q0 61193 5 0.0 0
945835 Q0 5548718 6 0.0 0
945835 Q0 4431194 7 0.0 0
945835 Q0 3668674 8 0.0 0
945835 Q0 4539378 9 0.0 0
945835 Q0 4897588 10 0.0 0
978031 Q0 8744911 1 0.0 0
978031 Q0 8744912 2 0.0 0
978031 Q0 8744914 3 0.0 0
978031 Q0 5971334 4 0.0 0
978031 Q0 2398979 5 0.0 0
978031 Q0 8802560 6 0.0 0
978031 Q0 7903792 7 0.0 0
978031 Q0 5287819 8 0.0 0
978031 Q0 4110990 9 0.0 0
978031 Q0 6843118 10 0.0 0
985594 Q0 7740126 1 0.0 0
985594 Q0 4286031 2 0.0 0
985594 Q0 7740125 3 0.0 0
985594 Q0 1657406 4 0.0 0
985594 Q0 7740128 5 0.0 0
985594 Q0 8677959 6 0.0 0
985594 Q0 2909464 7 0.0 0
985594 Q0 8677953 8 0.0 0
985594 Q0 1657408 9 0.0 0
985594 Q0 655890 10 0.0 0
99005 Q0 5723391 1 0.0 0
99005 Q0 5723390 2 0.0 0
99005 Q0 4996686 3 0.0 0
99005 Q0 8257320 4 0.0 0
99005 Q0 4996687 5 0.0 0
99005 Q0 1375045 6 0.0 0
99005 Q0 8257322 7 0.0 0
99005 Q0 2875400 8 0.0 0
99005 Q0 3558407 9 0.0 0
99005 Q0 6251439 10 0.0 0
997622 Q0 5430574 1 0.0 0
997622 Q0 5430569 2 0.0 0
997622 Q0 2182282 3 0.0 0
997622 Q0 4543865 4 0.0 0
997622 Q0 73465 5 0.0 0
997622 Q0 4543861 6 0.0 0
997622 Q0 4643394 7 0.0 0
997622 Q0 4643389 8 0.0 0
997622 Q0 4643397 9 0.0 0
997622 Q0 73460 10 0.0 0
999466 Q0 8748919 1 0.0 0
999466 Q0 8748914 2 0.0 0
999466 Q0 8748918 3 0.0 0
999466 Q0 8748921 4 0.0 0
999466 Q0 8748917 5 0.0 0
999466 Q0 8748916 6 0.0 0
999466 Q0 8748915 7 0.0 0
999466 Q0 8748913 8 0.0 0
999466 Q0 8748922 9 0.0 0
999466 Q0 8748920 10 0.0 0
132622 Q0 5901873 1 0.0 0
132622 Q0 3162996 2 0.0 0
132622 Q0 5656719 3 0.0 0
132622 Q0 962815 4 0.0 0
132622 Q0 2979805 5 0.0 0
132622 Q0 962817 6 0.0 0
132622 Q0 6358747 7 0.0 0
132622 Q0 2979809 8 0.0 0
132622 Q0 5924219 9 0.0 0
132622 Q0 5924218 10 0.0 0
